const static double firCoefficients[FIR_FILTER_TAP_COUNT] = {
6.0546138291252597e-04, 
5.2507143315267811e-04, 
3.8449091272701525e-04, 
1.7398667197948182e-04, 
-1.1360489934931548e-04, 
-4.7488111478632532e-04, 
-8.8813878356223768e-04, 
-1.3082618178394971e-03, 
-1.6663618496969908e-03, 
-1.8755700366336781e-03, 
-1.8432363328817916e-03, 
-1.4884258721727399e-03, 
-7.6225514924622853e-04, 
3.3245249132384837e-04, 
1.7262548802593762e-03, 
3.2768418720744217e-03, 
4.7744814146589041e-03, 
5.9606317814670249e-03, 
6.5591485566565593e-03, 
6.3172870282586493e-03, 
5.0516421324586546e-03, 
2.6926388909554420e-03, 
-6.7950808883015244e-04, 
-4.8141100026888716e-03, 
-9.2899200683230643e-03, 
-1.3538595939086505e-02, 
-1.6891587875325020e-02, 
-1.8646984919441702e-02, 
-1.8149697899123560e-02, 
-1.4875876924586697e-02, 
-8.5110608557150517e-03, 
9.8848931927316319e-04, 
1.3360421141947857e-02, 
2.8033301291042201e-02, 
4.4158668590312596e-02, 
6.0676486642862550e-02, 
7.6408062643700314e-02, 
9.0166807112971648e-02, 
1.0087463525509034e-01, 
1.0767073207825099e-01, 
1.1000000000000000e-01, 
1.0767073207825099e-01, 
1.0087463525509034e-01, 
9.0166807112971648e-02, 
7.6408062643700314e-02, 
6.0676486642862550e-02, 
4.4158668590312596e-02, 
2.8033301291042201e-02, 
1.3360421141947857e-02, 
9.8848931927316319e-04, 
-8.5110608557150517e-03, 
-1.4875876924586697e-02, 
-1.8149697899123560e-02, 
-1.8646984919441702e-02, 
-1.6891587875325020e-02, 
-1.3538595939086505e-02, 
-9.2899200683230643e-03, 
-4.8141100026888716e-03, 
-6.7950808883015244e-04, 
2.6926388909554420e-03, 
5.0516421324586546e-03, 
6.3172870282586493e-03, 
6.5591485566565593e-03, 
5.9606317814670249e-03, 
4.7744814146589041e-03, 
3.2768418720744217e-03, 
1.7262548802593762e-03, 
3.3245249132384837e-04, 
-7.6225514924622853e-04, 
-1.4884258721727399e-03, 
-1.8432363328817916e-03, 
-1.8755700366336781e-03, 
-1.6663618496969908e-03, 
-1.3082618178394971e-03, 
-8.8813878356223768e-04, 
-4.7488111478632532e-04, 
-1.1360489934931548e-04, 
1.7398667197948182e-04, 
3.8449091272701525e-04, 
5.2507143315267811e-04, 
6.0546138291252597e-04};

const static double iirACoefficientConstants[FILTER_FREQUENCY_COUNT][IIR_A_COEFFICIENT_COUNT] = {
{-5.9637727070164033e+00, 1.9125339333078262e+01, -4.0341474540744223e+01, 6.1537466875368928e+01, -7.0019717951472359e+01, 6.0298814235239057e+01, -3.8733792862566446e+01, 1.7993533279581140e+01, -5.4979061224867953e+00, 9.0332828533800158e-01},
{-4.6377947119071443e+00, 1.3502215749461563e+01, -2.6155952405269730e+01, 3.8589668330738292e+01, -4.3038990303252554e+01, 3.7812927599537034e+01, -2.5113598088113712e+01, 1.2703182701888043e+01, -4.2755083391143316e+00, 9.0332828533799781e-01},
{-3.0591317915750951e+00, 8.6417489609637563e+00, -1.4278790253808854e+01, 2.1302268283304326e+01, -2.2193853972079253e+01, 2.0873499791105470e+01, -1.3709764520609415e+01, 8.1303553577931851e+00, -2.8201643879900580e+00, 9.0332828533800236e-01},
{-1.4071749185996771e+00, 5.6904141470697578e+00, -5.7374718273676413e+00, 1.1958028362868918e+01, -8.5435280598354826e+00, 1.1717345583835980e+01, -5.5088290876998780e+00, 5.3536787286077736e+00, -1.2972519209655626e+00, 9.0332828533800136e-01},
{8.2010906117760329e-01, 5.1673756579268595e+00, 3.2580350909220921e+00, 1.0392903763919190e+01, 4.8101776408669066e+00, 1.0183724507092503e+01, 3.1282000712126736e+00, 4.8615933365571946e+00, 7.5604535083144853e-01, 9.0332828533799947e-01},
{2.7080869856154464e+00, 7.8319071217995475e+00, 1.2201607990980694e+01, 1.8651500443681531e+01, 1.8758157568004435e+01, 1.8276088095998901e+01, 1.1715361303018808e+01, 7.3684394621252913e+00, 2.4965418284511678e+00, 9.0332828533799581e-01},
{4.9479835250075874e+00, 1.4691607003177591e+01, 2.9082414772101028e+01, 4.3179839108869274e+01, 4.8440791644688801e+01, 4.2310703962394257e+01, 2.7923434247706368e+01, 1.3822186510470974e+01, 4.5614664160654215e+00, 9.0332828533799658e-01},
{6.1701893352279829e+00, 2.0127225876810321e+01, 4.2974193398071641e+01, 6.5958045321253366e+01, 7.5230437667866497e+01, 6.4630411355739767e+01, 4.1261591079244056e+01, 1.8936128791950505e+01, 5.6881982915180203e+00, 9.0332828533799647e-01},
{7.4092912870072354e+00, 2.6857944460290113e+01, 6.1578787811202183e+01, 9.8258255839887198e+01, 1.1359460153696280e+02, 9.6280452143025911e+01, 5.9124742025776264e+01, 2.5268527576524143e+01, 6.8305064480742885e+00, 9.0332828533799747e-01},
{8.5743055776347745e+00, 3.4306584753117939e+01, 8.4035290411037266e+01, 1.3928510844056862e+02, 1.6305115418161688e+02, 1.3648147221895857e+02, 8.0686288623300214e+01, 3.2276361903872321e+01, 7.9045143816245282e+00, 9.0332828533800358e-01}
};

const static double iirBCoefficientConstants[FILTER_FREQUENCY_COUNT][IIR_B_COEFFICIENT_COUNT] = {
{9.0928661148194273e-10, 0.0000000000000000e+00, -4.5464330574097132e-09, 0.0000000000000000e+00, 9.0928661148194265e-09, 0.0000000000000000e+00, -9.0928661148194265e-09, 0.0000000000000000e+00, 4.5464330574097132e-09, 0.0000000000000000e+00, -9.0928661148194273e-10},
{9.0928661148200467e-10, 0.0000000000000000e+00, -4.5464330574100234e-09, 0.0000000000000000e+00, 9.0928661148200469e-09, 0.0000000000000000e+00, -9.0928661148200469e-09, 0.0000000000000000e+00, 4.5464330574100234e-09, 0.0000000000000000e+00, -9.0928661148200467e-10},
{9.0928661148188338e-10, 0.0000000000000000e+00, -4.5464330574094171e-09, 0.0000000000000000e+00, 9.0928661148188342e-09, 0.0000000000000000e+00, -9.0928661148188342e-09, 0.0000000000000000e+00, 4.5464330574094171e-09, 0.0000000000000000e+00, -9.0928661148188338e-10},
{9.0928661148192443e-10, 0.0000000000000000e+00, -4.5464330574096223e-09, 0.0000000000000000e+00, 9.0928661148192445e-09, 0.0000000000000000e+00, -9.0928661148192445e-09, 0.0000000000000000e+00, 4.5464330574096223e-09, 0.0000000000000000e+00, -9.0928661148192443e-10},
{9.0928661148202390e-10, 0.0000000000000000e+00, -4.5464330574101194e-09, 0.0000000000000000e+00, 9.0928661148202388e-09, 0.0000000000000000e+00, -9.0928661148202388e-09, 0.0000000000000000e+00, 4.5464330574101194e-09, 0.0000000000000000e+00, -9.0928661148202390e-10},
{9.0928661148205316e-10, 0.0000000000000000e+00, -4.5464330574102658e-09, 0.0000000000000000e+00, 9.0928661148205316e-09, 0.0000000000000000e+00, -9.0928661148205316e-09, 0.0000000000000000e+00, 4.5464330574102658e-09, 0.0000000000000000e+00, -9.0928661148205316e-10},
{9.0928661148200353e-10, 0.0000000000000000e+00, -4.5464330574100176e-09, 0.0000000000000000e+00, 9.0928661148200353e-09, 0.0000000000000000e+00, -9.0928661148200353e-09, 0.0000000000000000e+00, 4.5464330574100176e-09, 0.0000000000000000e+00, -9.0928661148200353e-10},
{9.0928661148210507e-10, 0.0000000000000000e+00, -4.5464330574105255e-09, 0.0000000000000000e+00, 9.0928661148210511e-09, 0.0000000000000000e+00, -9.0928661148210511e-09, 0.0000000000000000e+00, 4.5464330574105255e-09, 0.0000000000000000e+00, -9.0928661148210507e-10},
{9.0928661148201087e-10, 0.0000000000000000e+00, -4.5464330574100540e-09, 0.0000000000000000e+00, 9.0928661148201081e-09, 0.0000000000000000e+00, -9.0928661148201081e-09, 0.0000000000000000e+00, 4.5464330574100540e-09, 0.0000000000000000e+00, -9.0928661148201087e-10},
{9.0928661148192753e-10, 0.0000000000000000e+00, -4.5464330574096380e-09, 0.0000000000000000e+00, 9.0928661148192759e-09, 0.0000000000000000e+00, -9.0928661148192759e-09, 0.0000000000000000e+00, 4.5464330574096380e-09, 0.0000000000000000e+00, -9.0928661148192753e-10}
};